0 0 None
2 75 2
2 75 1
2 75 4
2 75 3
2 75 0
2 85 2
2 85 2
2 85 4
2 85 2
2 85 3
2 85 2
2 85 0
2 85 1
2 86 2
2 86 2
2 86 2
2 86 2
2 86 2
2 86 0
2 87 2
2 86 3
2 86 1
2 87 1
2 86 4
2 87 3
2 87 2
2 87 4
2 87 0
2 88 2
2 88 2
2 88 0
2 88 2
2 88 2
2 88 2
2 88 1
2 88 3
2 89 2
2 88 4
2 89 2
2 89 0
2 89 2
2 89 2
2 89 2
2 89 3
2 89 1
2 89 4
2 90 2
2 90 2
2 90 2
2 90 2
2 90 2
2 90 1
2 90 3
2 90 4
2 90 0
2 91 2
2 91 2
2 91 2
2 91 2
2 91 2
2 91 3
2 91 1
2 91 4
2 91 0
2 93 2
2 93 2
2 93 2
2 93 4
2 94 2
2 93 3
2 93 1
2 94 2
2 94 2
2 94 3
2 94 1
2 93 0
2 94 0
2 94 4
2 95 2
2 95 2
2 95 2
2 95 2
2 95 2
2 95 1
2 95 4
2 95 0
2 95 3
2 96 2
2 96 2
2 96 2
2 96 2
2 96 2
2 98 2
2 96 0
2 96 1
2 96 4
2 96 3
2 98 2
2 98 2
2 98 2
2 98 2
2 98 1
2 98 3
2 98 4
2 99 2
2 99 2
2 99 2
2 99 2
2 99 2
2 100 2
2 99 4
2 99 0
2 99 3
2 99 1
2 100 3
2 100 0
2 100 4
2 100 1
2 102 2
2 102 2
2 102 0
2 102 2
2 102 3
2 102 1
2 102 4
2 103 2
2 103 2
2 103 2
2 103 2
2 103 2
2 103 4
2 103 3
2 103 0
2 103 1
2 104 2
2 104 2
2 104 2
2 104 2
2 104 2
2 104 4
2 104 1
2 104 0
2 104 3
2 105 2
2 105 2
2 105 2
2 105 2
2 105 3
2 105 4
2 105 1
2 106 2
2 105 0
2 106 2
2 106 2
2 106 2
2 106 2
2 106 0
2 106 3
2 106 1
2 106 4
2 107 2
2 107 2
2 107 2
2 107 2
2 107 2
2 107 3
2 107 0
2 107 1
2 107 4
2 108 2
2 108 2
2 108 2
2 108 2
2 108 2
2 108 3
2 108 1
2 108 0
2 108 4
2 109 2
2 109 2
2 109 2
2 109 2
2 109 2
2 109 0
2 109 3
2 109 4
2 109 1
