0 0 None
2 75 3
2 75 1
2 75 4
2 75 2
2 79 3
2 79 3
2 79 0
2 79 3
2 79 1
2 79 4
2 79 2
2 80 3
2 80 3
2 80 0
2 80 3
2 80 3
2 80 3
2 80 1
2 80 4
2 80 2
2 81 3
2 81 3
2 81 3
2 81 3
2 81 3
2 81 0
2 82 3
2 81 4
2 82 3
2 82 3
2 82 4
2 81 1
2 82 1
2 82 0
2 83 3
2 83 3
2 83 3
2 83 0
2 83 3
2 83 3
2 83 4
2 83 2
2 83 1
2 84 3
2 84 3
2 84 3
2 84 3
2 84 3
2 84 0
2 84 2
2 84 4
2 84 1
2 92 3
2 92 3
2 92 3
2 93 2
2 92 4
2 92 1
2 92 0
2 102 3
2 102 0
2 102 4
2 102 2
2 102 1
2 114 3
2 114 3
2 114 3
2 114 0
2 114 2
2 114 4
2 114 1
2 115 3
2 115 0
2 115 1
2 115 2
2 115 4
