0 0 None
0 1 0
0 1 0
0 1 0
0 1 0
0 1 0
0 2 0
0 2 0
0 2 0
0 2 0
0 2 0
0 3 0
0 3 0
0 3 0
0 3 0
0 4 0
0 4 0
0 4 0
0 4 0
0 4 0
0 5 0
0 5 0
0 5 0
0 5 0
0 6 0
0 6 0
0 6 0
0 6 0
0 7 0
0 7 0
0 7 0
0 7 0
0 7 0
0 8 0
0 8 0
0 8 0
0 8 0
0 9 0
0 9 0
0 9 0
0 9 0
0 9 0
0 10 0
0 10 0
0 10 0
0 10 0
0 10 0
0 11 0
0 11 0
0 11 0
0 11 0
0 12 0
0 12 0
0 12 0
0 12 0
0 12 0
0 13 0
0 13 0
0 13 0
0 13 0
0 14 0
0 14 0
0 14 0
0 14 0
0 15 0
0 15 0
0 15 0
0 15 0
0 15 0
0 16 0
0 16 0
0 16 0
0 16 0
0 17 0
0 17 0
0 17 0
0 17 0
0 17 0
0 18 0
0 18 0
0 18 0
0 18 0
0 18 0
0 19 0
0 19 0
0 19 0
0 19 0
0 19 0
0 20 0
0 20 0
0 20 0
0 20 0
0 21 0
0 21 0
0 21 0
0 21 0
0 21 0
0 22 0
0 22 0
0 22 0
0 22 0
0 22 0
0 23 0
0 23 0
0 23 0
0 23 0
0 23 0
0 24 0
0 24 0
0 24 0
0 24 0
0 24 0
0 25 0
0 25 0
0 25 0
0 25 0
0 25 0
0 26 0
0 26 0
0 26 0
0 26 0
0 26 0
0 27 0
0 27 0
0 27 0
0 27 0
0 27 0
0 28 0
0 28 0
0 28 0
0 28 0
0 28 0
0 29 0
0 29 0
0 29 0
0 29 0
0 29 0
0 30 0
0 30 0
0 30 0
0 30 0
0 30 0
0 31 0
0 31 0
0 31 0
0 31 0
0 31 0
0 32 0
0 32 0
0 32 0
0 32 0
0 32 0
0 33 0
0 33 0
0 33 0
0 33 0
0 33 0
0 34 0
0 34 0
0 34 1
0 34 0
0 34 0
0 34 0
0 35 0
0 35 0
0 35 1
0 35 0
0 35 0
0 35 0
0 36 0
0 36 0
0 36 1
0 36 0
0 36 0
0 37 0
0 37 0
0 37 1
0 37 0
0 37 0
0 37 0
0 38 0
0 38 0
0 38 1
0 38 0
0 38 0
0 38 0
0 39 0
0 39 1
0 39 0
0 39 0
0 39 0
0 40 0
0 40 1
0 40 0
0 40 0
0 40 0
0 44 0
0 44 1
0 44 0
0 44 0
0 51 0
0 51 0
0 51 1
0 51 0
0 51 0
0 51 0
0 52 0
0 52 0
0 52 1
0 52 0
0 52 0
0 52 0
0 53 0
0 53 1
0 53 0
0 53 0
0 55 0
0 55 0
0 55 1
0 55 0
0 55 0
0 55 0
0 56 0
0 56 0
0 56 1
0 56 0
0 56 0
0 56 0
0 57 0
0 57 0
0 57 1
0 57 0
0 57 0
0 57 0
0 58 0
0 58 0
0 58 1
0 58 0
0 58 0
0 58 0
0 60 0
0 60 1
0 60 0
0 60 0
0 60 0
0 63 0
0 63 0
0 63 1
0 63 0
0 63 0
0 63 0
0 67 0
0 67 0
0 67 1
0 67 0
0 67 0
0 67 0
0 70 0
0 70 1
0 70 0
0 70 0
0 71 0
0 71 0
0 71 1
0 71 0
0 71 2
0 71 0
0 71 0
0 72 0
0 72 0
0 72 1
0 72 0
0 72 0
0 72 0
0 72 3
0 72 2
1 73 0
1 73 0
1 73 0
1 73 0
1 73 1
1 73 3
1 73 2
1 73 4
2 74 0
2 74 0
2 74 0
2 74 0
2 74 0
2 74 1
2 74 4
2 74 2
2 74 3
2 76 0
2 76 0
2 76 0
2 76 0
2 76 0
2 76 1
2 76 2
2 76 4
2 76 3
2 77 0
2 77 0
2 77 0
2 77 0
2 77 0
2 77 2
2 77 1
2 77 3
2 77 4
2 78 0
2 78 0
2 78 0
2 78 0
2 78 0
2 78 1
2 78 2
2 78 3
2 78 4
2 97 0
2 97 0
2 97 0
2 97 0
2 97 2
2 97 4
2 97 1
2 97 3
2 110 0
2 110 0
2 110 4
2 110 1
2 110 0
2 110 2
2 110 3
2 111 0
2 111 0
2 111 0
2 111 0
2 111 0
2 111 4
2 111 2
2 111 3
2 111 1
2 112 0
2 112 0
2 112 0
2 112 0
2 112 0
2 112 3
2 112 2
2 112 4
2 112 1
2 113 0
2 113 0
2 113 0
2 113 0
2 113 0
2 113 3
2 113 1
2 113 4
2 113 2
