0 0 None
0 39 1
0 39 0
0 39 1
0 39 1
0 40 1
0 40 0
0 40 1
0 40 1
0 40 1
0 41 1
0 41 1
0 41 0
0 41 1
0 41 1
0 41 1
0 42 1
0 42 1
0 42 0
0 42 1
0 42 1
0 42 1
0 43 1
0 43 1
0 43 0
0 43 1
0 43 1
0 43 1
0 44 1
0 44 0
0 44 1
0 44 1
0 44 1
0 45 1
0 45 1
0 45 0
0 45 1
0 45 1
0 45 1
0 46 1
0 46 1
0 46 0
0 46 1
0 46 1
0 46 1
0 47 1
0 47 1
0 47 0
0 47 1
0 47 1
0 48 1
0 48 1
0 48 0
0 48 1
0 48 1
0 48 1
0 49 1
0 49 1
0 49 0
0 49 1
0 49 1
0 49 1
0 50 1
0 50 1
0 50 0
0 50 1
0 50 1
0 50 1
0 53 1
0 53 0
0 53 1
0 53 1
0 53 1
0 54 1
0 54 1
0 54 0
0 54 1
0 54 1
0 54 1
0 59 1
0 59 1
0 59 0
0 59 1
0 59 1
0 59 1
0 60 1
0 60 0
0 60 1
0 60 1
0 60 1
0 61 1
0 61 1
0 61 0
0 61 1
0 61 1
0 61 1
0 62 1
0 62 1
0 62 0
0 62 1
0 62 1
0 62 1
0 64 1
0 64 1
0 64 0
0 64 1
0 64 1
0 64 1
0 65 1
0 65 1
0 65 0
0 65 1
0 65 1
0 65 1
0 66 1
0 66 1
0 66 0
0 66 1
0 66 1
0 66 1
0 68 1
0 68 1
0 68 0
0 68 1
0 68 1
0 68 1
0 69 1
0 69 1
0 69 0
0 69 1
0 69 1
0 69 1
0 70 1
0 70 0
0 70 1
0 70 1
0 70 1
2 75 1
2 75 3
2 75 1
2 75 4
2 75 2
2 75 0
2 100 1
2 100 1
2 100 0
2 100 1
2 100 1
2 100 2
2 100 3
2 100 4
2 101 1
2 101 1
2 101 1
2 101 1
2 101 1
2 101 4
2 101 0
2 101 3
2 101 2
2 110 1
2 110 0
2 110 3
2 110 4
2 110 2
2 115 1
2 115 3
2 115 0
2 115 4
2 115 2
3 119 1
3 119 1
3 119 1
3 119 1
3 119 1
3 119 0
3 119 3
3 119 2
